nohup: ignoring input
16
0it [00:00, ?it/s]1it [00:00,  7.04it/s]2it [00:00,  7.01it/s]3it [00:00,  3.93it/s]4it [00:01,  2.81it/s]5it [00:02,  1.85it/s]6it [00:03,  1.46it/s]7it [00:04,  1.25it/s]8it [00:05,  1.11it/s]9it [00:06,  1.01s/it]10it [00:07,  1.11s/it]11it [00:09,  1.19s/it]12it [00:10,  1.29s/it]13it [00:12,  1.41s/it]14it [00:14,  1.57s/it]15it [00:16,  1.65s/it]16it [00:17,  1.71s/it]16it [00:17,  1.12s/it]



redshift 3.0
skipping redshift 3.0



redshift 2.3038301302700224
leftlog10 12.9
sumN 91.0
N [60. 17. 13.  0.  1.  0.  0.  0.  0.  0.  0.  0.  0.  0.]
edges [12.9 13.  13.1 13.2 13.3 13.4 13.5 13.6 13.7 13.8 13.9 14.  14.1 14.2
 14.3]
after adaptive [60. 31.]



redshift 1.7288182306888356
leftlog10 12.9
sumN 1888.0
N [989. 507. 242.  95.  34.  17.   3.   0.   1.   0.   0.   0.   0.   0.
   0.   0.   0.   0.]
edges [12.9 13.  13.1 13.2 13.3 13.4 13.5 13.6 13.7 13.8 13.9 14.  14.1 14.2
 14.3 14.4 14.5 14.6 14.7]
after adaptive [989. 507. 242.  95.  34.  21.]



redshift 1.4800111104497748
leftlog10 12.9
sumN 5683.0
N [2.857e+03 1.447e+03 7.350e+02 3.680e+02 1.540e+02 7.900e+01 3.100e+01
 1.100e+01 0.000e+00 1.000e+00 0.000e+00 0.000e+00 0.000e+00 0.000e+00
 0.000e+00 0.000e+00 0.000e+00 0.000e+00 0.000e+00]
edges [12.9 13.  13.1 13.2 13.3 13.4 13.5 13.6 13.7 13.8 13.9 14.  14.1 14.2
 14.3 14.4 14.5 14.6 14.7 14.8]
after adaptive [2857. 1447.  735.  368.  154.   79.   43.]



redshift 1.0483786059144884
leftlog10 12.9
sumN 28137.0
N [1.1823e+04 7.0120e+03 4.2990e+03 2.4270e+03 1.2490e+03 6.8200e+02
 3.7200e+02 1.5500e+02 7.2000e+01 3.4000e+01 8.0000e+00 4.0000e+00
 0.0000e+00 0.0000e+00 0.0000e+00 0.0000e+00 0.0000e+00 0.0000e+00
 0.0000e+00 0.0000e+00 0.0000e+00]
edges [12.9 13.  13.1 13.2 13.3 13.4 13.5 13.6 13.7 13.8 13.9 14.  14.1 14.2
 14.3 14.4 14.5 14.6 14.7 14.8 14.9 15. ]
after adaptive [11823.  7012.  4299.  2427.  1249.   682.   372.   155.    72.    46.]



redshift 0.9527626709887815
leftlog10 12.9
sumN 38458.0
N [1.535e+04 9.793e+03 5.845e+03 3.506e+03 1.895e+03 1.041e+03 5.600e+02
 2.440e+02 1.370e+02 5.400e+01 2.200e+01 9.000e+00 2.000e+00 0.000e+00
 0.000e+00 0.000e+00 0.000e+00 0.000e+00 0.000e+00 0.000e+00 0.000e+00
 0.000e+00]
edges [12.9 13.  13.1 13.2 13.3 13.4 13.5 13.6 13.7 13.8 13.9 14.  14.1 14.2
 14.3 14.4 14.5 14.6 14.7 14.8 14.9 15.  15.1]
after adaptive [15350.  9793.  5845.  3506.  1895.  1041.   560.   244.   137.    54.
    33.]



redshift 0.8616115226306804
leftlog10 12.9
sumN 51144.0
N [1.9735e+04 1.2810e+04 7.9310e+03 4.7250e+03 2.7980e+03 1.5260e+03
 8.2800e+02 4.4400e+02 1.9600e+02 8.5000e+01 4.4000e+01 1.3000e+01
 7.0000e+00 2.0000e+00 0.0000e+00 0.0000e+00 0.0000e+00 0.0000e+00
 0.0000e+00 0.0000e+00 0.0000e+00 0.0000e+00 0.0000e+00]
edges [12.9 13.  13.1 13.2 13.3 13.4 13.5 13.6 13.7 13.8 13.9 14.  14.1 14.2
 14.3 14.4 14.5 14.6 14.7 14.8 14.9 15.  15.1 15.2]
after adaptive [19735. 12810.  7931.  4725.  2798.  1526.   828.   444.   196.    85.
    44.    22.]



redshift 0.7747142266416549
leftlog10 12.9
sumN 65663.0
N [2.4223e+04 1.6234e+04 1.0361e+04 6.3070e+03 3.8350e+03 2.2840e+03
 1.1690e+03 6.8000e+02 2.9700e+02 1.5900e+02 7.0000e+01 3.1000e+01
 7.0000e+00 6.0000e+00 0.0000e+00 0.0000e+00 0.0000e+00 0.0000e+00
 0.0000e+00 0.0000e+00 0.0000e+00 0.0000e+00 0.0000e+00]
edges [12.9 13.  13.1 13.2 13.3 13.4 13.5 13.6 13.7 13.8 13.9 14.  14.1 14.2
 14.3 14.4 14.5 14.6 14.7 14.8 14.9 15.  15.1 15.2]
after adaptive [24223. 16234. 10361.  6307.  3835.  2284.  1169.   680.   297.   159.
    70.    44.]



redshift 0.691872750866662
leftlog10 12.9
sumN 83003.0
N [2.9743e+04 2.0261e+04 1.3069e+04 8.2050e+03 5.0640e+03 3.0910e+03
 1.7330e+03 9.0800e+02 4.9800e+02 2.3600e+02 1.1200e+02 5.2000e+01
 2.1000e+01 7.0000e+00 3.0000e+00 0.0000e+00 0.0000e+00 0.0000e+00
 0.0000e+00 0.0000e+00 0.0000e+00 0.0000e+00 0.0000e+00 0.0000e+00]
edges [12.9 13.  13.1 13.2 13.3 13.4 13.5 13.6 13.7 13.8 13.9 14.  14.1 14.2
 14.3 14.4 14.5 14.6 14.7 14.8 14.9 15.  15.1 15.2 15.3]
after adaptive [29743. 20261. 13069.  8205.  5064.  3091.  1733.   908.   498.   236.
   112.    52.    31.]



redshift 0.6128980229096033
leftlog10 12.9
sumN 102347.0
N [3.5522e+04 2.4451e+04 1.6285e+04 1.0468e+04 6.5760e+03 4.0380e+03
 2.3060e+03 1.3180e+03 7.1400e+02 3.4700e+02 1.7100e+02 9.6000e+01
 3.0000e+01 2.1000e+01 3.0000e+00 1.0000e+00 0.0000e+00 0.0000e+00
 0.0000e+00 0.0000e+00 0.0000e+00 0.0000e+00 0.0000e+00 0.0000e+00
 0.0000e+00]
edges [12.9 13.  13.1 13.2 13.3 13.4 13.5 13.6 13.7 13.8 13.9 14.  14.1 14.2
 14.3 14.4 14.5 14.6 14.7 14.8 14.9 15.  15.1 15.2 15.3 15.4]
after adaptive [3.5522e+04 2.4451e+04 1.6285e+04 1.0468e+04 6.5760e+03 4.0380e+03
 2.3060e+03 1.3180e+03 7.1400e+02 3.4700e+02 1.7100e+02 9.6000e+01
 3.0000e+01 2.5000e+01]



redshift 0.5376099391106464
leftlog10 12.9
sumN 123667.0
N [4.1672e+04 2.8887e+04 1.9724e+04 1.2926e+04 8.3580e+03 5.2580e+03
 3.0840e+03 1.7640e+03 1.0080e+03 5.0700e+02 2.5500e+02 1.3200e+02
 5.2000e+01 2.3000e+01 1.5000e+01 2.0000e+00 0.0000e+00 0.0000e+00
 0.0000e+00 0.0000e+00 0.0000e+00 0.0000e+00 0.0000e+00 0.0000e+00
 0.0000e+00]
edges [12.9 13.  13.1 13.2 13.3 13.4 13.5 13.6 13.7 13.8 13.9 14.  14.1 14.2
 14.3 14.4 14.5 14.6 14.7 14.8 14.9 15.  15.1 15.2 15.3 15.4]
after adaptive [4.1672e+04 2.8887e+04 1.9724e+04 1.2926e+04 8.3580e+03 5.2580e+03
 3.0840e+03 1.7640e+03 1.0080e+03 5.0700e+02 2.5500e+02 1.3200e+02
 5.2000e+01 4.0000e+01]



redshift 0.3974131088528914
leftlog10 12.9
sumN 171091.0
N [5.4196e+04 3.9213e+04 2.7006e+04 1.8274e+04 1.2266e+04 8.1700e+03
 5.0280e+03 3.1150e+03 1.7990e+03 1.0000e+03 5.3400e+02 2.5900e+02
 1.3500e+02 5.5000e+01 2.7000e+01 1.2000e+01 2.0000e+00 0.0000e+00
 0.0000e+00 0.0000e+00 0.0000e+00 0.0000e+00 0.0000e+00 0.0000e+00
 0.0000e+00 0.0000e+00]
edges [12.9 13.  13.1 13.2 13.3 13.4 13.5 13.6 13.7 13.8 13.9 14.  14.1 14.2
 14.3 14.4 14.5 14.6 14.7 14.8 14.9 15.  15.1 15.2 15.3 15.4 15.5]
after adaptive [5.4196e+04 3.9213e+04 2.7006e+04 1.8274e+04 1.2266e+04 8.1700e+03
 5.0280e+03 3.1150e+03 1.7990e+03 1.0000e+03 5.3400e+02 2.5900e+02
 1.3500e+02 5.5000e+01 4.1000e+01]



redshift 0.26999931420037027
leftlog10 12.9
sumN 222614.0
N [6.6606e+04 4.9399e+04 3.5179e+04 2.4575e+04 1.6603e+04 1.1365e+04
 7.6090e+03 4.7060e+03 2.8930e+03 1.6990e+03 9.7700e+02 5.1800e+02
 2.7400e+02 1.2100e+02 5.2000e+01 2.4000e+01 1.1000e+01 2.0000e+00
 1.0000e+00 0.0000e+00 0.0000e+00 0.0000e+00 0.0000e+00 0.0000e+00
 0.0000e+00 0.0000e+00 0.0000e+00 0.0000e+00]
edges [12.9 13.  13.1 13.2 13.3 13.4 13.5 13.6 13.7 13.8 13.9 14.  14.1 14.2
 14.3 14.4 14.5 14.6 14.7 14.8 14.9 15.  15.1 15.2 15.3 15.4 15.5 15.6
 15.7]
after adaptive [6.6606e+04 4.9399e+04 3.5179e+04 2.4575e+04 1.6603e+04 1.1365e+04
 7.6090e+03 4.7060e+03 2.8930e+03 1.6990e+03 9.7700e+02 5.1800e+02
 2.7400e+02 1.2100e+02 5.2000e+01 3.8000e+01]



redshift 0.15420262488760939
leftlog10 12.9
sumN 276627.0
N [7.9251e+04 5.9412e+04 4.3130e+04 3.1043e+04 2.1603e+04 1.5086e+04
 1.0180e+04 6.6590e+03 4.3180e+03 2.6090e+03 1.5290e+03 8.5800e+02
 4.9200e+02 2.7100e+02 1.0100e+02 5.3000e+01 2.1000e+01 8.0000e+00
 2.0000e+00 1.0000e+00 0.0000e+00 0.0000e+00 0.0000e+00 0.0000e+00
 0.0000e+00 0.0000e+00 0.0000e+00 0.0000e+00 0.0000e+00]
edges [12.9 13.  13.1 13.2 13.3 13.4 13.5 13.6 13.7 13.8 13.9 14.  14.1 14.2
 14.3 14.4 14.5 14.6 14.7 14.8 14.9 15.  15.1 15.2 15.3 15.4 15.5 15.6
 15.7 15.8]
after adaptive [7.9251e+04 5.9412e+04 4.3130e+04 3.1043e+04 2.1603e+04 1.5086e+04
 1.0180e+04 6.6590e+03 4.3180e+03 2.6090e+03 1.5290e+03 8.5800e+02
 4.9200e+02 2.7100e+02 1.0100e+02 5.3000e+01 3.2000e+01]



redshift 0.04896461947234987
leftlog10 12.9
sumN 330735.0
N [9.1191e+04 6.9166e+04 5.1138e+04 3.7205e+04 2.6585e+04 1.8960e+04
 1.2765e+04 8.9430e+03 5.8730e+03 3.7230e+03 2.2530e+03 1.3360e+03
 7.7600e+02 4.4400e+02 2.0400e+02 1.0400e+02 4.3000e+01 1.5000e+01
 9.0000e+00 2.0000e+00 0.0000e+00 0.0000e+00 0.0000e+00 0.0000e+00
 0.0000e+00 0.0000e+00 0.0000e+00 0.0000e+00 0.0000e+00]
edges [12.9 13.  13.1 13.2 13.3 13.4 13.5 13.6 13.7 13.8 13.9 14.  14.1 14.2
 14.3 14.4 14.5 14.6 14.7 14.8 14.9 15.  15.1 15.2 15.3 15.4 15.5 15.6
 15.7 15.8]
after adaptive [9.1191e+04 6.9166e+04 5.1138e+04 3.7205e+04 2.6585e+04 1.8960e+04
 1.2765e+04 8.9430e+03 5.8730e+03 3.7230e+03 2.2530e+03 1.3360e+03
 7.7600e+02 4.4400e+02 2.0400e+02 1.0400e+02 4.3000e+01 2.6000e+01]



redshift 0.0
leftlog10 12.9
sumN 357813.0
N [9.6981e+04 7.4135e+04 5.4924e+04 4.0183e+04 2.9184e+04 2.0819e+04
 1.4329e+04 9.9990e+03 6.6670e+03 4.3470e+03 2.6650e+03 1.5940e+03
 9.4400e+02 5.3900e+02 2.6300e+02 1.3300e+02 7.1000e+01 2.2000e+01
 9.0000e+00 5.0000e+00 0.0000e+00 0.0000e+00 0.0000e+00 0.0000e+00
 0.0000e+00 0.0000e+00 0.0000e+00 0.0000e+00 0.0000e+00]
edges [12.9 13.  13.1 13.2 13.3 13.4 13.5 13.6 13.7 13.8 13.9 14.  14.1 14.2
 14.3 14.4 14.5 14.6 14.7 14.8 14.9 15.  15.1 15.2 15.3 15.4 15.5 15.6
 15.7 15.8]
after adaptive [9.6981e+04 7.4135e+04 5.4924e+04 4.0183e+04 2.9184e+04 2.0819e+04
 1.4329e+04 9.9990e+03 6.6670e+03 4.3470e+03 2.6650e+03 1.5940e+03
 9.4400e+02 5.3900e+02 2.6300e+02 1.3300e+02 7.1000e+01 3.6000e+01]
  0%|                                                                                              | 0/15 [00:00<?, ?it/s]  7%|█████▋                                                                                | 1/15 [00:05<01:22,  5.91s/it] 13%|███████████▍                                                                          | 2/15 [00:24<02:51, 13.16s/it] 20%|█████████████████▏                                                                    | 3/15 [01:07<05:25, 27.13s/it] 27%|██████████████████████▉                                                               | 4/15 [02:32<09:08, 49.90s/it] 33%|████████████████████████████▋                                                         | 5/15 [04:09<11:06, 66.64s/it] 40%|██████████████████████████████████▍                                                   | 6/15 [05:54<11:57, 79.73s/it] 47%|████████████████████████████████████████▏                                             | 7/15 [07:53<12:21, 92.73s/it] 53%|█████████████████████████████████████████████▎                                       | 8/15 [09:57<11:59, 102.72s/it]