nohup: ignoring input
16
0it [00:00, ?it/s]1it [00:00,  7.42it/s]2it [00:00,  7.64it/s]3it [00:00,  4.79it/s]4it [00:01,  3.29it/s]5it [00:01,  2.13it/s]6it [00:02,  1.67it/s]7it [00:03,  1.44it/s]8it [00:04,  1.25it/s]9it [00:05,  1.11it/s]10it [00:06,  1.02it/s]11it [00:08,  1.07s/it]12it [00:09,  1.17s/it]13it [00:11,  1.28s/it]14it [00:12,  1.39s/it]15it [00:14,  1.50s/it]16it [00:16,  1.60s/it]16it [00:16,  1.02s/it]



redshift 3.0
skipping redshift 3.0



redshift 2.3038301302700224
leftlog10 12.9
sumN 91.0
N [54. 27. 10.  0.  0.  0.  0.  0.  0.  0.  0.  0.]
edges [12.9 13.  13.1 13.2 13.3 13.4 13.5 13.6 13.7 13.8 13.9 14.  14.1]
after adaptive [54. 37.]



redshift 1.7288182306888356
leftlog10 12.9
sumN 1803.0
N [1.004e+03 4.530e+02 2.100e+02 8.900e+01 3.000e+01 1.300e+01 3.000e+00
 0.000e+00 1.000e+00 0.000e+00 0.000e+00 0.000e+00 0.000e+00 0.000e+00
 0.000e+00 0.000e+00 0.000e+00 0.000e+00]
edges [12.9 13.  13.1 13.2 13.3 13.4 13.5 13.6 13.7 13.8 13.9 14.  14.1 14.2
 14.3 14.4 14.5 14.6 14.7]
after adaptive [1004.  453.  210.   89.   47.]



redshift 1.4800111104497748
leftlog10 12.9
sumN 5221.0
N [2.618e+03 1.391e+03 6.680e+02 3.220e+02 1.350e+02 5.600e+01 1.600e+01
 1.300e+01 1.000e+00 0.000e+00 1.000e+00 0.000e+00 0.000e+00 0.000e+00
 0.000e+00 0.000e+00 0.000e+00 0.000e+00 0.000e+00 0.000e+00]
edges [12.9 13.  13.1 13.2 13.3 13.4 13.5 13.6 13.7 13.8 13.9 14.  14.1 14.2
 14.3 14.4 14.5 14.6 14.7 14.8 14.9]
after adaptive [2618. 1391.  668.  322.  135.   56.   31.]



redshift 1.0483786059144884
leftlog10 12.9
sumN 24892.0
N [1.0602e+04 6.5820e+03 3.6160e+03 2.0410e+03 1.1110e+03 5.0100e+02
 2.4400e+02 1.2800e+02 4.3000e+01 1.5000e+01 7.0000e+00 1.0000e+00
 1.0000e+00 0.0000e+00 0.0000e+00 0.0000e+00 0.0000e+00 0.0000e+00
 0.0000e+00 0.0000e+00 0.0000e+00 0.0000e+00]
edges [12.9 13.  13.1 13.2 13.3 13.4 13.5 13.6 13.7 13.8 13.9 14.  14.1 14.2
 14.3 14.4 14.5 14.6 14.7 14.8 14.9 15.  15.1]
after adaptive [10602.  6582.  3616.  2041.  1111.   501.   244.   128.    43.    24.]



redshift 0.9527626709887815
leftlog10 12.9
sumN 33704.0
N [1.3742e+04 8.7460e+03 5.1120e+03 2.9210e+03 1.6560e+03 8.2800e+02
 3.6800e+02 1.8800e+02 9.3000e+01 3.3000e+01 1.1000e+01 4.0000e+00
 1.0000e+00 1.0000e+00 0.0000e+00 0.0000e+00 0.0000e+00 0.0000e+00
 0.0000e+00 0.0000e+00 0.0000e+00 0.0000e+00 0.0000e+00]
edges [12.9 13.  13.1 13.2 13.3 13.4 13.5 13.6 13.7 13.8 13.9 14.  14.1 14.2
 14.3 14.4 14.5 14.6 14.7 14.8 14.9 15.  15.1 15.2]
after adaptive [13742.  8746.  5112.  2921.  1656.   828.   368.   188.    93.    50.]



redshift 0.8616115226306804
leftlog10 12.9
sumN 44613.0
N [1.7642e+04 1.1385e+04 6.8790e+03 4.0720e+03 2.2420e+03 1.2320e+03
 6.4900e+02 2.7000e+02 1.4800e+02 5.8000e+01 2.3000e+01 1.0000e+01
 1.0000e+00 2.0000e+00 0.0000e+00 0.0000e+00 0.0000e+00 0.0000e+00
 0.0000e+00 0.0000e+00 0.0000e+00 0.0000e+00 0.0000e+00]
edges [12.9 13.  13.1 13.2 13.3 13.4 13.5 13.6 13.7 13.8 13.9 14.  14.1 14.2
 14.3 14.4 14.5 14.6 14.7 14.8 14.9 15.  15.1 15.2]
after adaptive [17642. 11385.  6879.  4072.  2242.  1232.   649.   270.   148.    58.
    36.]



redshift 0.7747142266416549
leftlog10 12.9
sumN 57625.0
N [2.2273e+04 1.4280e+04 8.9980e+03 5.4040e+03 3.1340e+03 1.7540e+03
 9.3500e+02 4.7200e+02 2.1900e+02 9.2000e+01 4.0000e+01 1.6000e+01
 6.0000e+00 1.0000e+00 1.0000e+00 0.0000e+00 0.0000e+00 0.0000e+00
 0.0000e+00 0.0000e+00 0.0000e+00 0.0000e+00 0.0000e+00 0.0000e+00]
edges [12.9 13.  13.1 13.2 13.3 13.4 13.5 13.6 13.7 13.8 13.9 14.  14.1 14.2
 14.3 14.4 14.5 14.6 14.7 14.8 14.9 15.  15.1 15.2 15.3]
after adaptive [22273. 14280.  8998.  5404.  3134.  1754.   935.   472.   219.    92.
    40.    24.]



redshift 0.691872750866662
leftlog10 12.9
sumN 72793.0
N [2.7202e+04 1.8073e+04 1.1212e+04 7.0650e+03 4.1920e+03 2.4420e+03
 1.3050e+03 7.0800e+02 3.3600e+02 1.4500e+02 6.9000e+01 2.9000e+01
 1.2000e+01 1.0000e+00 1.0000e+00 1.0000e+00 0.0000e+00 0.0000e+00
 0.0000e+00 0.0000e+00 0.0000e+00 0.0000e+00 0.0000e+00 0.0000e+00
 0.0000e+00]
edges [12.9 13.  13.1 13.2 13.3 13.4 13.5 13.6 13.7 13.8 13.9 14.  14.1 14.2
 14.3 14.4 14.5 14.6 14.7 14.8 14.9 15.  15.1 15.2 15.3 15.4]
after adaptive [27202. 18073. 11212.  7065.  4192.  2442.  1305.   708.   336.   145.
    69.    44.]



redshift 0.6128980229096033
leftlog10 12.9
sumN 89946.0
N [3.2284e+04 2.2281e+04 1.4087e+04 8.8920e+03 5.4500e+03 3.2090e+03
 1.7830e+03 1.0310e+03 4.9800e+02 2.4200e+02 1.2200e+02 3.6000e+01
 1.9000e+01 9.0000e+00 2.0000e+00 1.0000e+00 0.0000e+00 0.0000e+00
 0.0000e+00 0.0000e+00 0.0000e+00 0.0000e+00 0.0000e+00 0.0000e+00
 0.0000e+00]
edges [12.9 13.  13.1 13.2 13.3 13.4 13.5 13.6 13.7 13.8 13.9 14.  14.1 14.2
 14.3 14.4 14.5 14.6 14.7 14.8 14.9 15.  15.1 15.2 15.3 15.4]
after adaptive [3.2284e+04 2.2281e+04 1.4087e+04 8.8920e+03 5.4500e+03 3.2090e+03
 1.7830e+03 1.0310e+03 4.9800e+02 2.4200e+02 1.2200e+02 3.6000e+01
 3.1000e+01]



redshift 0.5376099391106464
leftlog10 12.9
sumN 109013.0
N [3.7796e+04 2.6662e+04 1.7306e+04 1.1071e+04 6.8520e+03 4.1520e+03
 2.4240e+03 1.3100e+03 8.0200e+02 3.5400e+02 1.7100e+02 6.8000e+01
 2.5000e+01 1.6000e+01 3.0000e+00 0.0000e+00 1.0000e+00 0.0000e+00
 0.0000e+00 0.0000e+00 0.0000e+00 0.0000e+00 0.0000e+00 0.0000e+00
 0.0000e+00 0.0000e+00]
edges [12.9 13.  13.1 13.2 13.3 13.4 13.5 13.6 13.7 13.8 13.9 14.  14.1 14.2
 14.3 14.4 14.5 14.6 14.7 14.8 14.9 15.  15.1 15.2 15.3 15.4 15.5]
after adaptive [3.7796e+04 2.6662e+04 1.7306e+04 1.1071e+04 6.8520e+03 4.1520e+03
 2.4240e+03 1.3100e+03 8.0200e+02 3.5400e+02 1.7100e+02 6.8000e+01
 2.5000e+01 2.0000e+01]



redshift 0.3974131088528914
leftlog10 12.9
sumN 152420.0
N [5.0015e+04 3.5580e+04 2.4426e+04 1.6229e+04 1.0403e+04 6.6480e+03
 3.9870e+03 2.3550e+03 1.3500e+03 7.7300e+02 3.6400e+02 1.7400e+02
 7.5000e+01 2.2000e+01 1.2000e+01 5.0000e+00 1.0000e+00 1.0000e+00
 0.0000e+00 0.0000e+00 0.0000e+00 0.0000e+00 0.0000e+00 0.0000e+00
 0.0000e+00 0.0000e+00 0.0000e+00]
edges [12.9 13.  13.1 13.2 13.3 13.4 13.5 13.6 13.7 13.8 13.9 14.  14.1 14.2
 14.3 14.4 14.5 14.6 14.7 14.8 14.9 15.  15.1 15.2 15.3 15.4 15.5 15.6]
after adaptive [5.0015e+04 3.5580e+04 2.4426e+04 1.6229e+04 1.0403e+04 6.6480e+03
 3.9870e+03 2.3550e+03 1.3500e+03 7.7300e+02 3.6400e+02 1.7400e+02
 7.5000e+01 4.1000e+01]



redshift 0.26999931420037027
leftlog10 12.9
sumN 201986.0
N [6.3043e+04 4.5803e+04 3.2097e+04 2.2032e+04 1.4643e+04 9.6720e+03
 6.1790e+03 3.6450e+03 2.2470e+03 1.2490e+03 7.7100e+02 3.2300e+02
 1.7200e+02 6.6000e+01 2.3000e+01 1.5000e+01 4.0000e+00 0.0000e+00
 2.0000e+00 0.0000e+00 0.0000e+00 0.0000e+00 0.0000e+00 0.0000e+00
 0.0000e+00 0.0000e+00 0.0000e+00 0.0000e+00]
edges [12.9 13.  13.1 13.2 13.3 13.4 13.5 13.6 13.7 13.8 13.9 14.  14.1 14.2
 14.3 14.4 14.5 14.6 14.7 14.8 14.9 15.  15.1 15.2 15.3 15.4 15.5 15.6
 15.7]
after adaptive [6.3043e+04 4.5803e+04 3.2097e+04 2.2032e+04 1.4643e+04 9.6720e+03
 6.1790e+03 3.6450e+03 2.2470e+03 1.2490e+03 7.7100e+02 3.2300e+02
 1.7200e+02 6.6000e+01 2.3000e+01 2.1000e+01]



redshift 0.15420262488760939
leftlog10 12.9
sumN 255536.0
N [7.6048e+04 5.6254e+04 4.0158e+04 2.8566e+04 1.9273e+04 1.3283e+04
 8.6710e+03 5.4780e+03 3.4020e+03 2.0200e+03 1.1710e+03 6.5100e+02
 3.1400e+02 1.4400e+02 6.0000e+01 2.4000e+01 1.5000e+01 2.0000e+00
 1.0000e+00 1.0000e+00 0.0000e+00 0.0000e+00 0.0000e+00 0.0000e+00
 0.0000e+00 0.0000e+00 0.0000e+00 0.0000e+00 0.0000e+00]
edges [12.9 13.  13.1 13.2 13.3 13.4 13.5 13.6 13.7 13.8 13.9 14.  14.1 14.2
 14.3 14.4 14.5 14.6 14.7 14.8 14.9 15.  15.1 15.2 15.3 15.4 15.5 15.6
 15.7 15.8]
after adaptive [7.6048e+04 5.6254e+04 4.0158e+04 2.8566e+04 1.9273e+04 1.3283e+04
 8.6710e+03 5.4780e+03 3.4020e+03 2.0200e+03 1.1710e+03 6.5100e+02
 3.1400e+02 1.4400e+02 6.0000e+01 4.3000e+01]



redshift 0.04896461947234987
leftlog10 12.9
sumN 311318.0
N [8.8784e+04 6.6733e+04 4.8410e+04 3.5106e+04 2.4641e+04 1.6848e+04
 1.1698e+04 7.4490e+03 4.8110e+03 2.9260e+03 1.8580e+03 1.0170e+03
 5.6400e+02 2.6300e+02 1.2700e+02 4.8000e+01 1.7000e+01 1.4000e+01
 2.0000e+00 1.0000e+00 1.0000e+00 0.0000e+00 0.0000e+00 0.0000e+00
 0.0000e+00 0.0000e+00 0.0000e+00 0.0000e+00 0.0000e+00 0.0000e+00]
edges [12.9 13.  13.1 13.2 13.3 13.4 13.5 13.6 13.7 13.8 13.9 14.  14.1 14.2
 14.3 14.4 14.5 14.6 14.7 14.8 14.9 15.  15.1 15.2 15.3 15.4 15.5 15.6
 15.7 15.8 15.9]
after adaptive [8.8784e+04 6.6733e+04 4.8410e+04 3.5106e+04 2.4641e+04 1.6848e+04
 1.1698e+04 7.4490e+03 4.8110e+03 2.9260e+03 1.8580e+03 1.0170e+03
 5.6400e+02 2.6300e+02 1.2700e+02 4.8000e+01 3.5000e+01]



redshift 0.0
leftlog10 12.9
sumN 339792.0
N [9.4912e+04 7.2239e+04 5.2584e+04 3.8129e+04 2.7345e+04 1.8971e+04
 1.3087e+04 8.6420e+03 5.5980e+03 3.4680e+03 2.1920e+03 1.2950e+03
 6.8900e+02 3.5300e+02 1.5900e+02 7.6000e+01 3.4000e+01 1.3000e+01
 4.0000e+00 1.0000e+00 1.0000e+00 0.0000e+00 0.0000e+00 0.0000e+00
 0.0000e+00 0.0000e+00 0.0000e+00 0.0000e+00 0.0000e+00 0.0000e+00]
edges [12.9 13.  13.1 13.2 13.3 13.4 13.5 13.6 13.7 13.8 13.9 14.  14.1 14.2
 14.3 14.4 14.5 14.6 14.7 14.8 14.9 15.  15.1 15.2 15.3 15.4 15.5 15.6
 15.7 15.8 15.9]
after adaptive [9.4912e+04 7.2239e+04 5.2584e+04 3.8129e+04 2.7345e+04 1.8971e+04
 1.3087e+04 8.6420e+03 5.5980e+03 3.4680e+03 2.1920e+03 1.2950e+03
 6.8900e+02 3.5300e+02 1.5900e+02 7.6000e+01 5.3000e+01]
  0%|                                                                                              | 0/15 [00:00<?, ?it/s]  7%|█████▋                                                                                | 1/15 [00:05<01:14,  5.29s/it] 13%|███████████▍                                                                          | 2/15 [00:21<02:33, 11.82s/it] 20%|█████████████████▏                                                                    | 3/15 [00:58<04:36, 23.03s/it] 27%|██████████████████████▉                                                               | 4/15 [02:21<08:36, 46.95s/it] 33%|████████████████████████████▋                                                         | 5/15 [03:51<10:24, 62.46s/it] 40%|██████████████████████████████████▍                                                   | 6/15 [05:26<11:01, 73.47s/it] 47%|████████████████████████████████████████▏                                             | 7/15 [07:09<11:06, 83.29s/it] 53%|█████████████████████████████████████████████▊                                        | 8/15 [09:02<10:47, 92.51s/it]