nohup: ignoring input
16
0it [00:00, ?it/s]1it [00:00,  2.33it/s]2it [00:01,  1.57it/s]3it [00:02,  1.13it/s]4it [00:03,  1.08s/it]5it [00:05,  1.32s/it]6it [00:07,  1.47s/it]7it [00:09,  1.61s/it]8it [00:11,  1.75s/it]9it [00:13,  1.80s/it]10it [00:15,  1.87s/it]11it [00:17,  1.91s/it]12it [00:19,  1.96s/it]13it [00:21,  1.99s/it]14it [00:23,  2.02s/it]15it [00:25,  2.03s/it]16it [00:27,  2.05s/it]16it [00:27,  1.72s/it]



redshift 3.0
skipping redshift 3.0



redshift 2.3038301302700224
leftlog10 13.0
sumN 10081.0
N [4.784e+03 2.621e+03 1.388e+03 7.460e+02 3.080e+02 1.400e+02 6.200e+01
 2.300e+01 8.000e+00 1.000e+00 0.000e+00 0.000e+00 0.000e+00 0.000e+00
 0.000e+00 0.000e+00 0.000e+00 0.000e+00 0.000e+00]
edges [13.  13.1 13.2 13.3 13.4 13.5 13.6 13.7 13.8 13.9 14.  14.1 14.2 14.3
 14.4 14.5 14.6 14.7 14.8 14.9]
after adaptive [4784. 2621. 1388.  746.  308.  140.   62.   32.]



redshift 1.7288182306888356
leftlog10 13.0
sumN 46396.0
N [1.8490e+04 1.1582e+04 7.1350e+03 4.2930e+03 2.3580e+03 1.3100e+03
 6.8100e+02 3.1900e+02 1.3900e+02 5.8000e+01 1.9000e+01 7.0000e+00
 5.0000e+00 0.0000e+00 0.0000e+00 0.0000e+00 0.0000e+00 0.0000e+00
 0.0000e+00 0.0000e+00 0.0000e+00 0.0000e+00]
edges [13.  13.1 13.2 13.3 13.4 13.5 13.6 13.7 13.8 13.9 14.  14.1 14.2 14.3
 14.4 14.5 14.6 14.7 14.8 14.9 15.  15.1 15.2]
after adaptive [18490. 11582.  7135.  4293.  2358.  1310.   681.   319.   139.    58.
    31.]



redshift 1.4800111104497748
leftlog10 13.0
sumN 81054.0
N [2.9359e+04 1.9853e+04 1.2726e+04 8.0740e+03 4.9440e+03 2.8510e+03
 1.6680e+03 8.2700e+02 4.1900e+02 2.0200e+02 8.4000e+01 3.2000e+01
 1.2000e+01 3.0000e+00 0.0000e+00 0.0000e+00 0.0000e+00 0.0000e+00
 0.0000e+00 0.0000e+00 0.0000e+00 0.0000e+00 0.0000e+00]
edges [13.  13.1 13.2 13.3 13.4 13.5 13.6 13.7 13.8 13.9 14.  14.1 14.2 14.3
 14.4 14.5 14.6 14.7 14.8 14.9 15.  15.1 15.2 15.3]
after adaptive [29359. 19853. 12726.  8074.  4944.  2851.  1668.   827.   419.   202.
    84.    47.]



redshift 1.0483786059144884
leftlog10 13.0
sumN 183690.0
N [5.7168e+04 4.1014e+04 2.9241e+04 2.0211e+04 1.3478e+04 8.9280e+03
 5.7670e+03 3.4300e+03 2.1040e+03 1.1640e+03 6.1800e+02 3.2900e+02
 1.3500e+02 5.8000e+01 3.3000e+01 1.0000e+01 2.0000e+00 0.0000e+00
 0.0000e+00 0.0000e+00 0.0000e+00 0.0000e+00 0.0000e+00 0.0000e+00
 0.0000e+00 0.0000e+00]
edges [13.  13.1 13.2 13.3 13.4 13.5 13.6 13.7 13.8 13.9 14.  14.1 14.2 14.3
 14.4 14.5 14.6 14.7 14.8 14.9 15.  15.1 15.2 15.3 15.4 15.5 15.6]
after adaptive [5.7168e+04 4.1014e+04 2.9241e+04 2.0211e+04 1.3478e+04 8.9280e+03
 5.7670e+03 3.4300e+03 2.1040e+03 1.1640e+03 6.1800e+02 3.2900e+02
 1.3500e+02 5.8000e+01 4.5000e+01]



redshift 0.9527626709887815
leftlog10 13.0
sumN 214422.0
N [6.4634e+04 4.6697e+04 3.3753e+04 2.4060e+04 1.6320e+04 1.1043e+04
 7.2080e+03 4.5160e+03 2.7630e+03 1.6240e+03 9.1100e+02 4.9400e+02
 2.2900e+02 9.7000e+01 4.3000e+01 2.2000e+01 7.0000e+00 1.0000e+00
 0.0000e+00 0.0000e+00 0.0000e+00 0.0000e+00 0.0000e+00 0.0000e+00
 0.0000e+00 0.0000e+00 0.0000e+00]
edges [13.  13.1 13.2 13.3 13.4 13.5 13.6 13.7 13.8 13.9 14.  14.1 14.2 14.3
 14.4 14.5 14.6 14.7 14.8 14.9 15.  15.1 15.2 15.3 15.4 15.5 15.6 15.7]
after adaptive [6.4634e+04 4.6697e+04 3.3753e+04 2.4060e+04 1.6320e+04 1.1043e+04
 7.2080e+03 4.5160e+03 2.7630e+03 1.6240e+03 9.1100e+02 4.9400e+02
 2.2900e+02 9.7000e+01 4.3000e+01 3.0000e+01]



redshift 0.8616115226306804
leftlog10 13.0
sumN 246742.0
N [7.1754e+04 5.3094e+04 3.8353e+04 2.7845e+04 1.9445e+04 1.3206e+04
 8.9010e+03 5.7770e+03 3.5650e+03 2.2070e+03 1.2560e+03 6.9000e+02
 3.5400e+02 1.6700e+02 7.4000e+01 3.4000e+01 1.8000e+01 1.0000e+00
 1.0000e+00 0.0000e+00 0.0000e+00 0.0000e+00 0.0000e+00 0.0000e+00
 0.0000e+00 0.0000e+00 0.0000e+00 0.0000e+00]
edges [13.  13.1 13.2 13.3 13.4 13.5 13.6 13.7 13.8 13.9 14.  14.1 14.2 14.3
 14.4 14.5 14.6 14.7 14.8 14.9 15.  15.1 15.2 15.3 15.4 15.5 15.6 15.7
 15.8]
after adaptive [7.1754e+04 5.3094e+04 3.8353e+04 2.7845e+04 1.9445e+04 1.3206e+04
 8.9010e+03 5.7770e+03 3.5650e+03 2.2070e+03 1.2560e+03 6.9000e+02
 3.5400e+02 1.6700e+02 7.4000e+01 3.4000e+01 2.0000e+01]



redshift 0.7747142266416549
leftlog10 13.0
sumN 280119.0
N [7.9207e+04 5.8877e+04 4.3365e+04 3.1535e+04 2.2491e+04 1.5832e+04
 1.0577e+04 7.2250e+03 4.5610e+03 2.7790e+03 1.7310e+03 9.5300e+02
 5.1200e+02 2.6800e+02 1.2200e+02 4.8000e+01 2.6000e+01 9.0000e+00
 1.0000e+00 0.0000e+00 0.0000e+00 0.0000e+00 0.0000e+00 0.0000e+00
 0.0000e+00 0.0000e+00 0.0000e+00 0.0000e+00]
edges [13.  13.1 13.2 13.3 13.4 13.5 13.6 13.7 13.8 13.9 14.  14.1 14.2 14.3
 14.4 14.5 14.6 14.7 14.8 14.9 15.  15.1 15.2 15.3 15.4 15.5 15.6 15.7
 15.8]
after adaptive [7.9207e+04 5.8877e+04 4.3365e+04 3.1535e+04 2.2491e+04 1.5832e+04
 1.0577e+04 7.2250e+03 4.5610e+03 2.7790e+03 1.7310e+03 9.5300e+02
 5.1200e+02 2.6800e+02 1.2200e+02 4.8000e+01 3.6000e+01]



redshift 0.691872750866662
leftlog10 13.0
sumN 313413.0
N [8.5943e+04 6.4808e+04 4.7929e+04 3.5614e+04 2.5553e+04 1.8365e+04
 1.2444e+04 8.5660e+03 5.6870e+03 3.5620e+03 2.1800e+03 1.3360e+03
 7.0700e+02 3.8800e+02 1.8700e+02 8.5000e+01 3.8000e+01 1.9000e+01
 2.0000e+00 0.0000e+00 0.0000e+00 0.0000e+00 0.0000e+00 0.0000e+00
 0.0000e+00 0.0000e+00 0.0000e+00 0.0000e+00]
edges [13.  13.1 13.2 13.3 13.4 13.5 13.6 13.7 13.8 13.9 14.  14.1 14.2 14.3
 14.4 14.5 14.6 14.7 14.8 14.9 15.  15.1 15.2 15.3 15.4 15.5 15.6 15.7
 15.8]
after adaptive [8.5943e+04 6.4808e+04 4.7929e+04 3.5614e+04 2.5553e+04 1.8365e+04
 1.2444e+04 8.5660e+03 5.6870e+03 3.5620e+03 2.1800e+03 1.3360e+03
 7.0700e+02 3.8800e+02 1.8700e+02 8.5000e+01 3.8000e+01 2.1000e+01]



redshift 0.6128980229096033
leftlog10 13.0
sumN 346996.0
N [9.2582e+04 7.0252e+04 5.2930e+04 3.9317e+04 2.8855e+04 2.0706e+04
 1.4512e+04 1.0177e+04 6.7590e+03 4.3950e+03 2.8170e+03 1.6870e+03
 9.6500e+02 5.3800e+02 2.7900e+02 1.3200e+02 5.7000e+01 3.0000e+01
 5.0000e+00 1.0000e+00 0.0000e+00 0.0000e+00 0.0000e+00 0.0000e+00
 0.0000e+00 0.0000e+00 0.0000e+00 0.0000e+00 0.0000e+00]
edges [13.  13.1 13.2 13.3 13.4 13.5 13.6 13.7 13.8 13.9 14.  14.1 14.2 14.3
 14.4 14.5 14.6 14.7 14.8 14.9 15.  15.1 15.2 15.3 15.4 15.5 15.6 15.7
 15.8 15.9]
after adaptive [9.2582e+04 7.0252e+04 5.2930e+04 3.9317e+04 2.8855e+04 2.0706e+04
 1.4512e+04 1.0177e+04 6.7590e+03 4.3950e+03 2.8170e+03 1.6870e+03
 9.6500e+02 5.3800e+02 2.7900e+02 1.3200e+02 5.7000e+01 3.6000e+01]



redshift 0.5376099391106464
leftlog10 13.0
sumN 379983.0
N [9.8581e+04 7.5691e+04 5.7340e+04 4.3065e+04 3.1974e+04 2.3328e+04
 1.6667e+04 1.1540e+04 8.1170e+03 5.3660e+03 3.4230e+03 2.1460e+03
 1.2930e+03 7.1800e+02 3.8200e+02 1.9500e+02 1.0000e+02 3.9000e+01
 1.5000e+01 3.0000e+00 0.0000e+00 0.0000e+00 0.0000e+00 0.0000e+00
 0.0000e+00 0.0000e+00 0.0000e+00 0.0000e+00 0.0000e+00]
edges [13.  13.1 13.2 13.3 13.4 13.5 13.6 13.7 13.8 13.9 14.  14.1 14.2 14.3
 14.4 14.5 14.6 14.7 14.8 14.9 15.  15.1 15.2 15.3 15.4 15.5 15.6 15.7
 15.8 15.9]
after adaptive [9.8581e+04 7.5691e+04 5.7340e+04 4.3065e+04 3.1974e+04 2.3328e+04
 1.6667e+04 1.1540e+04 8.1170e+03 5.3660e+03 3.4230e+03 2.1460e+03
 1.2930e+03 7.1800e+02 3.8200e+02 1.9500e+02 1.0000e+02 5.7000e+01]



redshift 0.3974131088528914
leftlog10 13.0
sumN 442743.0
N [1.09581e+05 8.49640e+04 6.53890e+04 5.04810e+04 3.74620e+04 2.85580e+04
 2.07110e+04 1.48150e+04 1.06340e+04 7.36300e+03 4.90200e+03 3.23700e+03
 2.02000e+03 1.22400e+03 6.85000e+02 3.61000e+02 1.98000e+02 9.50000e+01
 4.90000e+01 1.10000e+01 3.00000e+00 0.00000e+00 0.00000e+00 0.00000e+00
 0.00000e+00 0.00000e+00 0.00000e+00 0.00000e+00 0.00000e+00 0.00000e+00]
edges [13.  13.1 13.2 13.3 13.4 13.5 13.6 13.7 13.8 13.9 14.  14.1 14.2 14.3
 14.4 14.5 14.6 14.7 14.8 14.9 15.  15.1 15.2 15.3 15.4 15.5 15.6 15.7
 15.8 15.9 16. ]
after adaptive [1.09581e+05 8.49640e+04 6.53890e+04 5.04810e+04 3.74620e+04 2.85580e+04
 2.07110e+04 1.48150e+04 1.06340e+04 7.36300e+03 4.90200e+03 3.23700e+03
 2.02000e+03 1.22400e+03 6.85000e+02 3.61000e+02 1.98000e+02 9.50000e+01
 6.30000e+01]



redshift 0.26999931420037027
leftlog10 13.0
sumN 500777.0
N [1.18504e+05 9.36850e+04 7.25620e+04 5.66650e+04 4.30710e+04 3.28630e+04
 2.48060e+04 1.79490e+04 1.31530e+04 9.32600e+03 6.63500e+03 4.42000e+03
 2.89700e+03 1.82300e+03 1.12700e+03 6.28000e+02 3.39000e+02 1.81000e+02
 8.00000e+01 5.00000e+01 1.20000e+01 0.00000e+00 1.00000e+00 0.00000e+00
 0.00000e+00 0.00000e+00 0.00000e+00 0.00000e+00 0.00000e+00 0.00000e+00
 0.00000e+00 0.00000e+00]
edges [13.  13.1 13.2 13.3 13.4 13.5 13.6 13.7 13.8 13.9 14.  14.1 14.2 14.3
 14.4 14.5 14.6 14.7 14.8 14.9 15.  15.1 15.2 15.3 15.4 15.5 15.6 15.7
 15.8 15.9 16.  16.1 16.2]
after adaptive [1.18504e+05 9.36850e+04 7.25620e+04 5.66650e+04 4.30710e+04 3.28630e+04
 2.48060e+04 1.79490e+04 1.31530e+04 9.32600e+03 6.63500e+03 4.42000e+03
 2.89700e+03 1.82300e+03 1.12700e+03 6.28000e+02 3.39000e+02 1.81000e+02
 8.00000e+01 6.30000e+01]



redshift 0.15420262488760939
leftlog10 13.0
sumN 552881.0
N [1.25888e+05 1.00494e+05 7.92100e+04 6.14950e+04 4.83070e+04 3.71040e+04
 2.84000e+04 2.11640e+04 1.55240e+04 1.12810e+04 8.23100e+03 5.65600e+03
 3.93000e+03 2.47700e+03 1.63500e+03 9.57000e+02 5.42000e+02 3.09000e+02
 1.56000e+02 7.50000e+01 3.40000e+01 9.00000e+00 2.00000e+00 1.00000e+00
 0.00000e+00 0.00000e+00 0.00000e+00 0.00000e+00 0.00000e+00 0.00000e+00
 0.00000e+00 0.00000e+00 0.00000e+00]
edges [13.  13.1 13.2 13.3 13.4 13.5 13.6 13.7 13.8 13.9 14.  14.1 14.2 14.3
 14.4 14.5 14.6 14.7 14.8 14.9 15.  15.1 15.2 15.3 15.4 15.5 15.6 15.7
 15.8 15.9 16.  16.1 16.2 16.3]
after adaptive [1.25888e+05 1.00494e+05 7.92100e+04 6.14950e+04 4.83070e+04 3.71040e+04
 2.84000e+04 2.11640e+04 1.55240e+04 1.12810e+04 8.23100e+03 5.65600e+03
 3.93000e+03 2.47700e+03 1.63500e+03 9.57000e+02 5.42000e+02 3.09000e+02
 1.56000e+02 7.50000e+01 4.60000e+01]



redshift 0.04896461947234987
leftlog10 13.0
sumN 599813.0
N [1.32564e+05 1.06668e+05 8.42630e+04 6.64270e+04 5.21640e+04 4.07650e+04
 3.16680e+04 2.39990e+04 1.78630e+04 1.33560e+04 9.68500e+03 6.98500e+03
 4.88300e+03 3.27800e+03 2.17300e+03 1.32500e+03 7.91000e+02 4.66000e+02
 2.76000e+02 1.13000e+02 6.30000e+01 3.10000e+01 5.00000e+00 2.00000e+00
 0.00000e+00 0.00000e+00 0.00000e+00 0.00000e+00 0.00000e+00 0.00000e+00
 0.00000e+00 0.00000e+00 0.00000e+00]
edges [13.  13.1 13.2 13.3 13.4 13.5 13.6 13.7 13.8 13.9 14.  14.1 14.2 14.3
 14.4 14.5 14.6 14.7 14.8 14.9 15.  15.1 15.2 15.3 15.4 15.5 15.6 15.7
 15.8 15.9 16.  16.1 16.2 16.3]
after adaptive [1.32564e+05 1.06668e+05 8.42630e+04 6.64270e+04 5.21640e+04 4.07650e+04
 3.16680e+04 2.39990e+04 1.78630e+04 1.33560e+04 9.68500e+03 6.98500e+03
 4.88300e+03 3.27800e+03 2.17300e+03 1.32500e+03 7.91000e+02 4.66000e+02
 2.76000e+02 1.13000e+02 6.30000e+01 3.80000e+01]



redshift 0.0
leftlog10 13.0
sumN 621308.0
N [1.35755e+05 1.09161e+05 8.68000e+04 6.85320e+04 5.40790e+04 4.22430e+04
 3.29840e+04 2.54640e+04 1.88220e+04 1.44360e+04 1.03880e+04 7.54600e+03
 5.28100e+03 3.70600e+03 2.41400e+03 1.57700e+03 9.52000e+02 5.34000e+02
 3.48000e+02 1.47000e+02 8.20000e+01 4.30000e+01 1.10000e+01 3.00000e+00
 0.00000e+00 0.00000e+00 0.00000e+00 0.00000e+00 0.00000e+00 0.00000e+00
 0.00000e+00 0.00000e+00 0.00000e+00]
edges [13.  13.1 13.2 13.3 13.4 13.5 13.6 13.7 13.8 13.9 14.  14.1 14.2 14.3
 14.4 14.5 14.6 14.7 14.8 14.9 15.  15.1 15.2 15.3 15.4 15.5 15.6 15.7
 15.8 15.9 16.  16.1 16.2 16.3]
after adaptive [1.35755e+05 1.09161e+05 8.68000e+04 6.85320e+04 5.40790e+04 4.22430e+04
 3.29840e+04 2.54640e+04 1.88220e+04 1.44360e+04 1.03880e+04 7.54600e+03
 5.28100e+03 3.70600e+03 2.41400e+03 1.57700e+03 9.52000e+02 5.34000e+02
 3.48000e+02 1.47000e+02 8.20000e+01 5.70000e+01]
  0%|                                                                                              | 0/15 [00:00<?, ?it/s]  7%|█████▋                                                                                | 1/15 [01:10<16:28, 70.62s/it] 13%|███████████▍                                                                          | 2/15 [03:08<21:20, 98.52s/it] 20%|█████████████████                                                                    | 3/15 [05:29<23:33, 117.77s/it] 27%|██████████████████████▋                                                              | 4/15 [08:36<26:36, 145.17s/it] 33%|████████████████████████████▎                                                        | 5/15 [11:42<26:37, 159.78s/it]